44°C
time_s moisture_g_g
0 0.205
1000 0.175
2000 0.145
3000 0.115
4000 0.085
5000 0.060
6000 0.042
7000 0.030
8000 0.022
9000 0.016
10000 0.012
12000 0.009
14000 0.007

66°C
time_s moisture_g_g
0 0.205
600 0.170
1200 0.130
1800 0.093
2400 0.060
3000 0.036
3600 0.021
4200 0.012
4800 0.007
5400 0.004
6000 0.0025
7000 0.001
8000 0.000

88°C
time_s moisture_g_g
0 0.205
400 0.175
800 0.135
1200 0.100
1600 0.072
2000 0.050
2400 0.033
2800 0.022
3200 0.014
3600 0.009
4200 0.005
5000 0.002
6000 0.0005

113°C
time_s moisture_g_g
0 0.205
300 0.170
600 0.130
900 0.088
1200 0.060
1500 0.040
1800 0.025
2100 0.015
2400 0.009
2700 0.005
3000 0.003
3600 0.001
4200 0.000

132°C
time_s moisture_g_g
0 0.205
300 0.150
600 0.090
900 0.060
1200 0.040
1500 0.025
1800 0.015
2100 0.009
2400 0.006
2700 0.004
3000 0.003
3600 0.001
4200 0.000

148°C
time_s moisture_g_g
0 0.205
300 0.170
600 0.116
900 0.075
1200 0.043
1500 0.025
1800 0.015
2100 0.009
2400 0.005
2700 0.003
3000 0.0015
3300 0.0008
3600 0.000

167°C
time_s moisture_g_g
0 0.205
300 0.160
600 0.110
900 0.058
1200 0.035
1500 0.017
1800 0.007
2100 0.003
2400 0.0015
2700 0.0008
3000 0.0004
3300 0.0002
3600 0.000

189°C
time_s moisture_g_g
0 0.205
300 0.150
600 0.08
900 0.040
1200 0.019
1500 0.010
1800 0.005
2100 0.003
2400 0.0015
2700 0.0008
3000 0.0006
3300 0.0003
3600 0.000

210°C
time_s moisture_g_g
0 0.205
300 0.138
600 0.065
900 0.030
1200 0.014
1500 0.007
1800 0.0035
2100 0.0018
2400 0.0009
2700 0.0005
3000 0.0002
3300 0.0002
3600 0.000

228°C
time_s moisture_g_g
0 0.205
300 0.130
600 0.058
900 0.022
1200 0.010
1500 0.005
1800 0.0025
2100 0.0012
2400 0.0006
2700 0.0001
3000 0.0000
3300 0.0000
3600 0.000